Subject: Real Time Deals for October 3rd
From: kysa.alport@enron.com
To: shift.dl-portland@enron.com
Cc: diana.scholtes@enron.com, sean.crandall@enron.com
Bcc: diana.scholtes@enron.com, sean.crandall@enron.com

 	  	  	  	  	  	  	  	  	  	  	 
Desk	 Short Term Northwest	 Short Term California	 Short Term Southwest	  	 
Flow Date	 10/3/2001	 10/3/2001	 10/3/2001	 10/3/2001	 10/3/2001	 10/3/2001	 10/3/2001	 10/3/2001	 10/3/2001	  	 
Deal Number	 799806	  	  	 800016	  	  	  	  	  	  	 
Delivery Point	 Portland General System	  	  	 SP	  	  	  	  	  	  	 
CTPY	 Portland General Electric	  	  	 CA Imbalance	  	  	  	  	  	  	 
MWH	 25	  	  	 25	  	  	  	  	  	  	 
Hours	 off peak	  	  	 OP	  	  	  	  	  	  	 
Price	 N/A	  	  	 N/A	  	  	  	  	  	  	 
 	  	  	 
 	 Short Term Northwest	 Short Term California	 Short Term Southwest	  	 
1	 0.00	 0.00	 0.00	 25.00	 0.00	 0.00	 0.00	 0.00	 0.00	  	 
2	 0.00	 0.00	 0.00	 25.00	 0.00	 0.00	 0.00	 0.00	 0.00	  	 
3	 0.00	 0.00	 0.00	 25.00	 0.00	 0.00	 0.00	 0.00	 0.00	  	 
4	 0.00	 0.00	 0.00	 25.00	 0.00	 0.00	 0.00	 0.00	 0.00	  	 
5	 0.00	 0.00	 0.00	 25.00	 0.00	 0.00	 0.00	 0.00	 0.00	  	 
6	 0.00	 0.00	 0.00	 25.00	 0.00	 0.00	 0.00	 0.00	 0.00	  	 
7	 25.00	 0.00	 0.00	 0.00	 0.00	 0.00	 0.00	 0.00	 0.00	  	 
8	 25.00	 0.00	 0.00	 0.00	 0.00	 0.00	 0.00	 0.00	 0.00	  	 
9	 25.00	 0.00	 0.00	 0.00	 0.00	 0.00	 0.00	 0.00	 0.00	  	 
10	 25.00	 0.00	 0.00	 0.00	 0.00	 0.00	 0.00	 0.00	 0.00	  	 
11	 25.00	 0.00	 0.00	 0.00	 0.00	 0.00	 0.00	 0.00	 0.00	  	 
12	 25.00	 0.00	 0.00	 0.00	 0.00	 0.00	 0.00	 0.00	 0.00	  	 
13	 25.00	 0.00	 0.00	 0.00	 0.00	 0.00	 0.00	 0.00	 0.00	  	 
14	 25.00	 0.00	 0.00	 0.00	 0.00	 0.00	 0.00	 0.00	 0.00	  	 
15	 25.00	 0.00	 0.00	 0.00	 0.00	 0.00	 0.00	 0.00	 0.00	  	 
16	 25.00	 0.00	 0.00	 0.00	 0.00	 0.00	 0.00	 0.00	 0.00	  	 
17	 25.00	 0.00	 0.00	 0.00	 0.00	 0.00	 0.00	 0.00	 0.00	  	 
18	 25.00	 0.00	 0.00	 0.00	 0.00	 0.00	 0.00	 0.00	 0.00	  	 
19	 25.00	 0.00	 0.00	 0.00	 0.00	 0.00	 0.00	 0.00	 0.00	  	 
20	 25.00	 0.00	 0.00	 0.00	 0.00	 0.00	 0.00	 0.00	 0.00	  	 
21	 25.00	 0.00	 0.00	 0.00	 0.00	 0.00	 0.00	 0.00	 0.00	  	 
22	 25.00	 0.00	 0.00	 0.00	 0.00	 0.00	 0.00	 0.00	 0.00	  	 
23	 0.00	 0.00	 0.00	 25.00	 0.00	 0.00	 0.00	 0.00	 0.00	  	 
24	 0.00	 0.00	 0.00	 25.00	 0.00	 0.00	 0.00	 0.00	 0.00	  	 
Total	 400.00	 0.00	 0.00	 200.00	 0.00	 0.00	 0.00	 0.00	 0.00	  	 
 	  	  	 
											